P.30 494.609 1017.230 243.680 2
P.31 499.907 1025.141 243.740 10
P.32 501.816 1027.898 243.740 2
P.33 503.612 1030.526 243.710 3
P.34 500.962 1025.137 243.810 5
P.35 509.573 1026.870 243.540 1
P.36 511.046 1028.311 244.080 0
P.37 515.418 1006.177 243.260 7
P.38 519.285 1004.816 243.010 6
P.39 533.329 1003.671 243.170 0
P.40 544.209 1000.446 243.050 1
P.41 550.380 1000.001 243.120 0
P.42 551.639 1000.531 242.820 0
P.43 568.586 997.698 243.800 1
P.44 568.241 995.690 243.300 2
P.45 552.440 997.971 243.100 3
P.47 500.896 995.205 241.800 5
P.48 490.839 994.855 241.330 6
P.49 482.715 996.954 241.050 7
P.50 473.817 1000.871 240.700 8
P.51 465.952 1007.573 240.760 9
P.52 460.911 1014.284 240.850 10
P.53 463.702 1014.840 241.160 0
P.54 470.668 1023.151 241.440 0
P.55 479.184 1016.032 241.490 5
P.56 483.106 1013.434 241.540 0
P.57 474.541 1004.674 241.100 0
P.58 485.721 998.516 241.340 2
P.59 491.878 1006.472 241.670 10
P.60 493.128 1002.446 241.620 0
P.61 498.573 998.235 241.810 0
P.63 507.272 1002.224 242.720 0
P.64 485.303 1016.779 243.580 7
P.65 481.530 1019.403 243.590 5
P.66 478.450 1028.254 243.680 0
P.67 462.532 1001.996 240.940 0
P.68 458.460 1001.256 240.600 7
P.69 459.246 1002.930 240.740 3
P.71 461.694 987.064 240.150 0
P.72 470.008 985.154 240.430 0
P.73 479.751 988.018 240.940 8
P.74 481.415 989.364 241.120 0
P.75 480.561 991.106 241.240 0
P.76 470.670 996.013 241.010 6
P.77 464.956 970.384 239.800 0
P.78 463.109 970.771 239.790 0
P.79 471.123 976.617 240.160 9
P.80 475.142 974.134 240.480 3
P.81 477.899 975.201 240.630 0
P.82 488.270 979.067 242.230 5
P.83 487.534 981.032 240.900 0
P.84 488.491 983.682 241.100 10
P.85 492.757 982.662 241.040 0
P.87 509.482 987.615 242.390 6
P.88 510.458 987.568 242.560 0
P.89 517.714 990.054 242.690 3
P.90 519.291 989.240 242.610 0
P.91 520.548 989.306 242.520 1
P.92 525.396 989.791 242.560 9
P.93 527.106 990.747 242.540 0
P.95 534.193 983.744 244.060 2
P.96 531.698 990.494 242.590 3
P.97 527.137 992.542 242.360 0
P.98 515.617 991.620 242.290 0
P.99 543.961 985.364 242.690 5
P.100 543.149 989.813 242.750 0
P.101 544.772 991.061 242.900 0
P.102 546.549 992.812 242.830 0
P.103 567.162 990.115 243.190 1
P.104 579.623 985.443 243.540 8
P.105 546.674 990.669 243.000 0
P.106 547.019 984.388 242.950 7
P.107 455.604 1056.859 242.360 2
P.108 456.821 1028.048 241.540 0
P.109 464.022 1031.914 242.630 5
P.110 478.467 1028.210 243.720 0
P.111 483.815 1036.135 245.140 7
P.112 482.903 1044.744 243.980 0
P.114 460.453 1042.065 242.390 8
P.115 464.946 1041.043 243.990 9
P.116 460.964 1048.395 244.280 0
P.117 461.668 1055.057 244.360 2
P.118 467.054 1046.655 244.320 0
P.119 475.130 1050.241 244.440 0
P.120 471.480 1053.993 244.510 0
P.121 468.105 1054.585 244.490 0
P.122 463.347 1058.412 244.620 8
P.123 456.886 1010.899 241.000 7
P.124 457.546 978.404 239.970 1
P.125 460.056 965.690 239.410 1
P.126 461.811 965.378 239.620 0
P.127 459.918 957.435 239.160 1
P.128 457.581 956.790 239.160 2
P.129 453.433 956.460 239.150 0
P.130 449.114 955.469 238.890 0
P.131 446.203 954.866 239.030 1
P.133 445.771 975.325 239.960 0
P.134 448.751 981.303 239.880 0
P.135 453.125 988.176 240.260 0
P.136 445.419 987.460 240.230 1
P.137 445.256 991.098 240.470 2
P.138 444.899 1003.227 240.840 0
P.139 444.226 1011.222 241.130 0
P.140 448.201 1011.969 240.910 2
P.141 452.595 1018.169 241.280 1
P.142 444.159 1017.307 241.650 0
P.143 445.210 1017.865 241.560 8
P.144 445.400 1026.064 241.730 1
P.145 441.410 1032.109 242.590 10
P.146 440.639 1038.084 242.190 5
P.147 448.374 1046.567 242.160 9
P.148 452.007 1067.209 242.370 0
P.149 448.542 1074.956 242.170 1
P.150 447.456 1094.232 241.610 3
P.151 439.357 1095.688 245.420 10
P.152 442.929 1045.259 244.260 1
P.154 459.119 1064.243 243.020 1
P.155 455.435 1081.514 242.320 2
P.156 454.352 1108.308 241.540 1
P.157 457.484 1108.610 241.580 3
P.158 451.837 1128.241 240.840 0
P.159 454.051 1129.895 240.550 0
P.160 448.184 1143.222 240.250 0
P.161 451.495 1144.796 240.490 0
P.163 439.861 1163.980 239.480 5
P.164 432.979 1176.428 238.930 6
P.165 435.771 1178.426 239.270 7
P.166 430.112 1185.457 238.180 8
P.167 417.620 1198.522 237.950 9
P.168 419.021 1202.013 237.870 10
P.169 414.977 1196.191 237.780 2
P.170 412.649 1193.319 237.640 0
P.171 414.916 1186.508 237.240 0
P.172 424.621 1176.113 238.370 0
P.173 434.152 1157.986 239.000 0
P.174 436.147 1149.059 238.950 0
P.175 442.614 1133.052 239.990 7
P.176 446.721 1106.038 241.180 8
P.177 444.508 1102.984 240.800 9
P.178 435.983 1124.371 245.780 0
P.179 431.992 1140.424 245.890 1
P.180 426.386 1155.409 244.730 1
S.1 526.516 999.502 242.770 4
S.2 505.821 997.554 242.220 4
S.3 458.907 993.286 240.270 4
S.4 504.108 988.947 241.810 4
S.5 530.034 988.887 243.790 4
S.6 468.390 1034.809 242.920 4
S.7 446.512 954.406 239.050 4
S.8 443.790 1143.905 239.900 4
S.1000 500.000 1000.000 242.230 1
S.1001 461.140 1029.980 242.180 1
